 1 Proxima-Centauri-b        4.244    0.9   11.20 2016
 2 Barnard's-Star-b          5.958    4.2  232.00 2018
 3 Wolf-359-c                7.895    3.8    2.69 2019
 3 Wolf-359-b                7.895   43.9 2940.00 2019
 4 Lalande-21185-b           8.307    2.9    9.87 2017
 6 Epsilon-Eridani-Aegir    10.446  490.0 2500.00 2000
 7 Lacalle-9352-b           10.721    4.1    9.26 2019
 8 Lacalle-9352-c           10.721    9.0   21.80 2019
 9 Lacalle-9352-d           10.721    6.5   38.80 2019
10 Ross-128-b               11.007    1.4    9.87 2017
11 Struve-2398-Bb           11.490   15.7   91.30 2019
12 Struve-2398-Bc           11.490   13.1  192.00 2019
13 GroomBridge-34-Ab        11.618    3.6   11.40 2014
14 Tau-Ceti-g               11.753    1.7   20.00 2017
15 Tau-Ceti-h               11.753    1.8   49.40 2017
16 Tau-Ceti-e               11.753    3.9  163.00 2017
17 Tau-Ceti-f               11.753    3.9  640.00 2017
